NameID	CorrectName
100004	
100005	
100006	
100008	Asystasia chelonoides Nees
100009	
100010	
100011	
100013	
100015	
100017	
100018	
100019	
100020	
100021	
100029	
100030	
100035	
100040	
100046	
100050	
100059	
100060	
100061	
100062	
100063	
100066	
100067	
100068	
100072	
100076	
100080	
100084	
100086	
100093	
100098	
100099	
100104	
100112	
100113	
100114	
100115	
100117	Strobilanthes penstemonoides (Nees) T. Anderson
100118	
100127	
100129	
100138	
100143	
100144	
100145	
100146	
100157	
100159	
100160	
100162	
100165	
100167	
100168	
100171	
100174	
100183	
100197	
100198	
100203	
100209	
100212	
100213	
100217	
100219	
100232	
100233	
100237	
100238	
100240	
100250	
100255	
100257	
100258	
100265	
100266	
100267	
100271	
100272	
100273	
100274	
100275	
100276	
100278	
100279	
100282	
100284	
100285	
100291	
100293	
100294	
100295	
100301	
100311	
100317	
100331	
100347	
100350	
100353	
100358	
100360	
100365	
100370	
100373	
100381	
100390	Dicliptera thlaspioides Nees
100394	
100396	
100397	
100399	
100402	
100405	
100410	
100411	
100412	
100413	
100416	
100419	
100425	
100427	
100428	
100429	
100430	
100433	
100435	
100439	
100440	
100445	
100446	
100450	Habracanthus silvaticus Nees
100452	
100453	
100454	
100455	Hansteinia gracilis Oerst.
100457	
100458	
100465	
100472	
100475	
100477	
100479	
100481	
100483	
100486	
100489	
100490	
100491	
100494	
100495	
100496	
100497	
100500	
100501	
100502	
100508	
100509	
100510	
100513	
100514	
100515	
100518	
100523	
100524	
100525	
100526	
100528	
100529	
100532	
100535	
100537	
100538	
100539	
100545	
100548	
100549	
100551	
100558	
100574	
100585	
100588	
100589	
100591	
100596	
100598	
100601	
100602	
100605	
100606	
100609	
100610	
100620	
100622	
100624	
100625	
100627	
100628	
100629	
100630	
100633	
100635	Pachystachys lutea Nees
100639	
100641	
100648	
100654	
100657	
100670	
100680	
100681	
100689	
100690	
100693	
100694	
100699	
100701	
100706	
100708	
100720	
100723	
100724	
100726	
100727	
100728	
100735	
100741	
100745	Mendoncia hirsuta Poepp. & Endl.
100751	
100752	
100757	
100759	
100760	
100761	
100762	
100771	Mendoncia velloziana Mart.
100773	
100779	
100781	
100784	
100791	
100793	
100797	
100810	
100815	
100820	
100821	
100823	
100827	
100830	
100842	
100843	
100845	
100846	
100854	
100855	
100856	
100859	
100861	
100864	
100866	
100870	
100873	
100875	
100876	
100882	
100883	
100885	
100892	
100893	
100894	
100898	
100900	
100901	
100902	
100907	
100909	
100910	
100911	
100912	
100915	
100916	
100918	
100920	
100926	
100928	
100934	
100937	
100939	
100941	
100942	
100955	
100957	
100958	
100964	
100972	
100973	
100974	
100977	
100981	
100982	
100984	
100985	
100987	
100988	
100989	
100990	
100991	
100995	Dyschoriste repens (Nees) Kuntze
101000	
101002	
101004	
101005	
101007	
101010	
101013	
101014	
101015	
101017	
101018	
101019	
101022	
101023	
101026	
101029	
101031	
101033	
101034	
101035	
101068	
101073	
101076	
101078	
101082	
101087	
101088	
101091	
101092	
101097	
101098	
101101	
101111	
101112	
101127	
101130	
101134	
101137	
101138	
101139	
101141	
101144	
101147	
101148	
101149	
101150	
101157	
101190	
101231	
101289	Phaulopsis parviflora Willd.
101332	
101365	
101385	
101386	
101388	
101439	Nelsonia brunelloides (Lam.) Kuntze
101477	
101481	Calophanes buchenavii Vatke
101485	
101488	Phaulopsis inaequalis Pic. Serm.
101489	
101499	
101503	
101533	Glockeria reflexiflora Leonard
101551	Justicia colorifera V.A.W. Graham
101564	
101592	
101593	Dicliptera trifurca Oerst.
101605	
101642	
101650	
101674	
101675	
101676	
101679	
101680	
101682	Strobilanthes atropurpureus Nees
101684	
101686	
101687	
101702	
101725	
101727	Micranthus oppositifolius J.C. Wendl.
101744	
101745	
101746	
101747	
101748	
101762	
101763	
101777	
101778	
101782	
101787	
101796	
101803	
101804	
101805	
101806	
101808	
101823	
101872	
101878	
101947	
102024	
102099	Hypoestes aristata (Vahl) Sol. ex Roem. & Schult.
102103	
102174	
102191	
102277	
102298	
102303	
102372	
102378	
102386	
102389	
102390	
102391	
102393	
102395	
102396	
102397	
102398	
102399	
102400	
102403	
102404	Justicia forskaolii Vahl
102405	Hypoestes aristata (Vahl) Sol. ex Roem. & Schult.
102433	
102434	
102467	Phaulopsis barteri T. Anderson
102468	Phaulopsis micrantha (Benth.) C.B. Clarke
102471	Phaulopsis poggei (Lindau) Lindau
102474	Ruellia batangana G. Braun & K. Schum.
102495	
102496	
102538	
102577	
102600	
102601	
102603	
102604	
102605	
102608	
102626	Stenandrium dulce var. floridanum A. Gray
102664	
102669	
102702	
102728	
102730	
102749	
102750	
102792	
102796	
102799	
102810	
102816	
102832	
102833	Eranthemum longifolium (G. Forst.) Seem.
102837	
102849	Mendoncia aspera Ruiz & Pav.
102851	
102857	
102858	
102860	
102861	
102862	
102863	
102864	
102865	
102866	
102867	
102868	
102871	
102875	Mendoncia glabra Poepp. & Endl.
102879	
102881	
102882	
102883	
102888	
102889	
102890	
102891	
102892	
102894	
102911	
102914	
102937	
102941	
102970	
102982	
103001	Tubiflora caroliniensis J.F. Gmel.
103002	
103006	
103009	
103011	
103022	
103023	
103026	
103028	
103043	Thunbergia fragrans Roxb.
103064	
103067	
103068	Ruellia macrosolen Lillo ex C. Ezcurra
103118	
103138	
103139	
103146	
103147	
103149	
103151	
103153	
103155	Dyschoriste ciliata (Nees) Kuntze
103156	Dyschoriste repens (Nees) Kuntze
103157	
103159	
103160	
103161	Dianthera hookeriana (Nees) Benth. & Hook. f.
103163	Dyschoriste ciliata (Nees) Kuntze
103165	Justicia radicans Vahl
103167	
103177	
103180	
103182	
103188	
103195	
103200	Ecbolium madagascariense Vollesen
103203	
103204	
103223	
103227	
103239	
103242	
103244	
103245	
103251	
103307	Staurogyne spraguei Wassh.
103314	
103321	
103324	
103326	
103327	
103331	
103336	
103339	
103347	
103348	
103349	
103351	
103356	
103358	
103359	
103364	
103365	
103369	
103373	
103380	
103391	
103396	
103404	
103413	
103430	
103431	
103434	
103436	
103437	
103438	
103439	
103443	
103444	
103448	
103453	
103458	
103459	
103460	
103461	
103462	
103465	
103468	
103469	
103471	
103476	
103486	
103488	
103491	
103494	
103514	
103515	
103516	
103520	
103521	
103522	
103523	
103524	
103525	
103526	
103527	
103535	
103537	
103541	
103542	
103543	
103544	
103547	
103549	Justicia lineolata Ruiz & Pav.
103551	Justicia tenuiflora Ruiz & Pav.
103552	Pachystachys lutea Nees
103555	
103566	
103569	
103570	
103575	
103576	
103578	
103579	
103580	
103581	
103582	
103583	
103597	
103599	
103600	
103604	
103605	
103606	
103607	
103608	
103612	
103618	
103648	
103649	
103653	
103654	
103656	
103657	
103660	
103661	
103662	
103663	Justicia imlayae B. Hansen
103683	
103686	
103688	
103689	
103701	
103719	Anisacanthus caducifolius (Griseb.) Lindau
103742	Justicia nodosa Hook.
103759	
103763	
103764	
103768	
103779	
103792	
103795	
103796	
103800	
103801	
103802	
103803	
103805	
103807	
103808	
103813	
103825	
103834	
103835	
103836	
103838	
103840	
103841	
103850	
103851	
103852	
103853	
103854	
103869	
103872	
103878	
103881	
103886	
103887	
103888	
103889	
103897	
103900	
103905	
103906	
103907	
103909	
103910	
103911	
103912	
103915	
103916	
103917	
103971	
103973	
103979	
103980	
103981	
103982	
103986	
104000	
104001	
104005	
104006	
104011	
104016	
104022	
104023	
104041	Justicia fulvicoma Schltdl. & Cham.
104055	Justicia spicigera Schltdl.
104056	
104058	
104059	
104078	
104086	
104102	Dischistocalyx klainei R. Benoist
104117	Ruellia setigera Pers.
104121	
104139	
104140	
104170	
104261	
104353	
104380	
104382	
104407	
104416	
104417	
104421	
104422	
104432	
104433	
104435	
104445	
104455	
104470	
104480	
104482	
104484	
104489	
104491	
104494	
104501	Pseudodicliptera humilis Benoist
104502	Pseudodicliptera coursii Benoist
104503	Pseudodicliptera sulfureolilacina Benoist
104514	
104517	
104523	
104525	
104527	
104528	
104529	
104530	
104531	
104532	
104533	
104534	
104535	
104536	
104537	
104538	
104539	
104540	
104541	
104542	
104543	
104544	
104547	
104567	
200003	
200020	
200042	
200043	
200045	
200086	
200088	
200098	
200116	
200117	
200121	
200122	
200131	
200144	
200149	
200152	
200172	
200173	
200174	
200175	
200176	
200177	
200178	
200179	
200181	
200184	
200186	
200190	
200191	
200192	
200193	
200194	
200195	
200196	
200197	
200198	
200201	
200203	
200204	
200207	
200208	
200209	
200214	
200225	
200226	
200229	
200231	
200232	
200234	
200237	
200238	
200247	
200258	
200259	
200261	
200265	
200268	
200269	
200270	
200273	
200274	
200275	
200276	
200284	
200295	
200301	
200302	
200304	
200305	
200306	Pterocarya stenoptera C. DC.
200328	
200332	
200368	
500016	
500017	
500025	
500026	
500032	
500035	
500045	
500053	
500055	Saurauia scabriuscula J.F. Macbr.
500065	
500079	
500085	
500094	Saurauia montana Seem.
500099	Saurauia herbert-smithii Rusby
500141	
500189	
500194	
500240	
500252	
500253	
500281	
500284	
500292	
500293	
500302	
500315	
500319	
500326	
500349	
500353	
500369	
500384	
500420	
500440	
500454	
600004	
700004	
700007	
700008	
700012	
700013	
700014	
700015	
700032	Demidovia tetragonoides Pall.
700040	
700079	
700107	
700110	
700145	
700213	
700310	
700320	
700331	
700343	
700379	
700395	
700424	
700533	
700540	
700649	
700654	
700668	
700673	
700702	
700719	
700730	Cheiridopsis brevissima Govaerts
700740	
700772	
700787	
700794	
700808	
700823	
700833	
700846	
700863	
700871	
700891	
700902	
700911	
700929	
700939	
700967	
700976	
700988	
701000	
701004	
701016	
701021	
701039	
701044	
701064	Conophytum lithopsoides L. Bolus
701071	
701086	
701095	
701103	
701112	
701150	
701182	
701222	
701232	
701249	
701261	
701280	
701292	
701302	
701345	
701364	
701381	
701387	
701404	
701415	
701432	
701436	
701443	
701452	
701472	
701482	
701491	
701502	
701511	
701529	
701540	
701556	
701573	
701613	
701624	
701629	
701639	
701647	
701708	
701766	
701778	
701790	
701820	
701831	
701846	
701884	
701894	
701909	
701921	
701927	
701931	
701946	
701962	
701994	
702043	
702066	
